1
100 971
QUERY 1 1 1 100 100 100
UPDATE 45 92 2 686336152
UPDATE 16 94 15 368244855
UPDATE 49 98 90 77530093
QUERY 1 1 1 100 100 100
UPDATE 74 86 29 751439173
QUERY 39 14 6 91 54 68
QUERY 34 30 24 95 91 38
UPDATE 53 26 78 111280167
QUERY 1 1 1 100 100 100
QUERY 1 1 1 100 100 100
QUERY 1 1 1 100 100 100
UPDATE 7 6 56 31379731
QUERY 1 1 1 100 100 100
QUERY 1 1 1 100 100 100
UPDATE 77 34 41 221921807
QUERY 1 1 1 100 100 100
QUERY 1 1 1 100 100 100
QUERY 1 1 1 100 100 100
UPDATE 12 23 18 638588357
UPDATE 58 61 5 460925786
UPDATE 89 60 5 415734401
UPDATE 13 18 16 567968395
QUERY 1 1 1 100 100 100
QUERY 1 1 1 100 100 100
UPDATE 56 100 96 112260038
QUERY 25 40 58 27 88 76
UPDATE 55 39 54 750000159
UPDATE 42 57 82 389310620
QUERY 1 1 1 100 100 100
QUERY 1 1 1 100 100 100
QUERY 1 1 1 100 100 100
UPDATE 74 65 52 598765000
QUERY 1 1 1 100 100 100
UPDATE 9 81 13 266834816
QUERY 1 1 1 100 100 100
UPDATE 63 59 57 498794677
QUERY 76 40 18 86 100 58
QUERY 1 1 1 100 100 100
QUERY 9 13 1 12 87 95
UPDATE 48 73 15 816118529
QUERY 1 1 1 100 100 100
QUERY 28 27 43 45 77 80
UPDATE 42 85 6 260436344
QUERY 8 17 81 64 69 90
UPDATE 34 68 95 910222694
UPDATE 94 46 27 241038410
QUERY 1 1 1 100 100 100
QUERY 1 1 1 100 100 100
QUERY 20 39 53 77 80 54
UPDATE 46 73 31 416659865
QUERY 1 1 1 100 100 100
UPDATE 69 54 57 92818595
UPDATE 12 8 91 941948568
QUERY 1 1 1 100 100 100
UPDATE 8 40 14 719309299
QUERY 1 1 1 100 100 100
QUERY 1 1 1 100 100 100
UPDATE 62 46 45 767305299
QUERY 1 1 1 100 100 100
QUERY 1 1 1 100 100 100
QUERY 1 1 1 100 100 100
QUERY 1 1 1 100 100 100
QUERY 1 1 1 100 100 100
UPDATE 79 94 36 422955615
UPDATE 74 85 15 184369532
UPDATE 13 50 83 371777659
UPDATE 39 8 35 565864999
QUERY 1 1 1 100 100 100
QUERY 1 1 1 100 100 100
UPDATE 71 57 94 9685417
UPDATE 92 64 84 580774240
UPDATE 35 39 14 869628111
UPDATE 14 41 30 587193428
UPDATE 45 32 4 992441300
UPDATE 50 85 50 491946777
UPDATE 61 47 25 606918396
QUERY 1 1 1 100 100 100
UPDATE 60 86 13 789467704
UPDATE 16 6 27 211263765
QUERY 19 7 80 44 27 87
QUERY 1 1 1 100 100 100
QUERY 1 1 1 100 100 100
QUERY 1 1 1 100 100 100
QUERY 1 1 1 100 100 100
UPDATE 17 69 14 734097207
QUERY 1 1 1 100 100 100
UPDATE 52 55 32 741930032
QUERY 1 1 1 100 100 100
QUERY 1 1 1 100 100 100
QUERY 7 62 8 49 84 92
UPDATE 74 49 21 861799034
UPDATE 45 57 89 63356651
UPDATE 10 75 59 609099596
UPDATE 58 63 42 34996018
QUERY 1 1 1 100 100 100
UPDATE 88 40 99 692112728
QUERY 1 1 1 100 100 100
UPDATE 49 77 76 468301252
UPDATE 96 17 3 539465113
UPDATE 93 46 36 741790065
QUERY 1 1 1 100 100 100
QUERY 1 1 1 100 100 100
UPDATE 68 88 57 847844047
QUERY 1 1 1 100 100 100
UPDATE 54 93 35 459184104
QUERY 1 1 1 100 100 100
UPDATE 49 99 55 64200315
QUERY 1 1 1 100 100 100
UPDATE 64 25 11 52182815
UPDATE 72 32 33 403598732
QUERY 2 40 21 100 54 34
QUERY 1 1 1 100 100 100
QUERY 19 15 42 20 58 73
UPDATE 58 48 58 356775324
QUERY 1 1 1 100 100 100
QUERY 1 1 1 100 100 100
QUERY 18 81 17 66 91 27
QUERY 41 38 29 65 43 91
UPDATE 94 29 92 303918772
QUERY 1 1 1 100 100 100
UPDATE 55 14 44 108895001
UPDATE 85 66 73 564647808
UPDATE 12 49 88 672883196
QUERY 1 1 1 100 100 100
QUERY 1 1 1 100 100 100
QUERY 1 1 1 100 100 100
UPDATE 28 49 36 29728132
UPDATE 49 5 36 367721196
UPDATE 1 85 44 569421445
UPDATE 31 74 67 262859281
QUERY 1 1 1 100 100 100
UPDATE 24 62 24 132535799
QUERY 1 1 1 100 100 100
UPDATE 91 15 15 204733508
QUERY 1 1 1 100 100 100
QUERY 1 1 1 100 100 100
QUERY 1 1 1 100 100 100
QUERY 1 1 1 100 100 100
UPDATE 39 22 11 691660126
UPDATE 18 81 76 81646303
QUERY 1 1 1 100 100 100
UPDATE 7 84 88 946191683
QUERY 1 1 1 100 100 100
QUERY 1 1 1 100 100 100
QUERY 1 1 1 100 100 100
QUERY 1 1 1 100 100 100
QUERY 12 20 16 93 99 76
UPDATE 95 70 30 538875424
UPDATE 34 33 41 785894344
QUERY 1 1 1 100 100 100
UPDATE 25 94 27 293825716
UPDATE 1 10 84 872182936
QUERY 1 1 1 100 100 100
UPDATE 29 48 25 753408557
UPDATE 93 23 52 78223106
QUERY 1 1 1 100 100 100
QUERY 1 1 1 100 100 100
UPDATE 19 33 19 179269412
UPDATE 59 9 60 709210578
QUERY 1 1 1 100 100 100
QUERY 1 1 1 100 100 100
UPDATE 35 27 41 22807880
QUERY 1 1 1 100 100 100
UPDATE 59 82 9 195502698
QUERY 1 1 1 100 100 100
QUERY 1 1 1 100 100 100
UPDATE 44 78 22 924117530
QUERY 1 1 1 100 100 100
UPDATE 66 23 21 111832183
QUERY 1 1 1 100 100 100
UPDATE 89 51 61 741850997
UPDATE 85 81 44 407294689
UPDATE 52 66 45 467478329
QUERY 1 1 1 100 100 100
UPDATE 85 94 50 406710711
QUERY 1 1 1 100 100 100
UPDATE 27 45 79 856721977
QUERY 1 1 1 100 100 100
QUERY 15 1 28 73 54 31
QUERY 1 1 1 100 100 100
UPDATE 28 14 94 148659642
UPDATE 3 81 25 419170132
QUERY 1 1 1 100 100 100
UPDATE 33 45 44 965755739
UPDATE 45 42 100 61172932
UPDATE 89 32 22 855153123
UPDATE 78 83 11 943685188
UPDATE 63 41 56 20858004
UPDATE 92 47 11 362950453
UPDATE 45 99 44 348548120
UPDATE 25 3 34 142340954
QUERY 1 1 1 100 100 100
QUERY 1 1 1 100 100 100
QUERY 1 1 1 100 100 100
UPDATE 23 32 90 892396038
QUERY 1 1 1 100 100 100
UPDATE 24 30 93 376236191
UPDATE 52 14 9 86017839
QUERY 1 1 1 100 100 100
UPDATE 26 2 21 6822505
QUERY 1 1 1 100 100 100
QUERY 1 1 1 100 100 100
UPDATE 92 5 69 470118308
UPDATE 23 86 80 336191197
QUERY 46 31 56 75 87 69
QUERY 1 1 1 100 100 100
QUERY 1 1 1 100 100 100
UPDATE 53 52 45 975229872
QUERY 1 1 1 100 100 100
QUERY 1 1 1 100 100 100
UPDATE 10 83 61 895770111
UPDATE 47 43 26 845812581
QUERY 1 1 1 100 100 100
UPDATE 60 34 72 250951084
QUERY 1 1 1 100 100 100
UPDATE 14 14 41 385486829
UPDATE 74 65 35 29602426
QUERY 34 20 8 54 57 96
UPDATE 84 20 65 888049575
UPDATE 21 47 9 365008218
QUERY 1 1 1 100 100 100
UPDATE 3 97 69 298432574
UPDATE 7 76 60 8123414
UPDATE 42 5 25 793439484
QUERY 1 1 1 100 100 100
UPDATE 26 34 80 819740958
UPDATE 43 91 55 146268726
UPDATE 95 15 11 922332807
UPDATE 9 59 42 87720624
UPDATE 86 95 60 723465917
UPDATE 52 83 1 65775571
QUERY 1 1 1 100 100 100
UPDATE 90 60 72 744069868
UPDATE 45 21 24 34354184
QUERY 1 1 1 100 100 100
UPDATE 29 4 39 113001069
QUERY 1 1 1 100 100 100
UPDATE 77 48 36 691173337
QUERY 1 1 1 100 100 100
QUERY 1 1 1 100 100 100
UPDATE 45 42 31 923195696
UPDATE 12 2 100 178377540
QUERY 75 59 36 98 81 41
QUERY 1 1 1 100 100 100
QUERY 1 1 1 100 100 100
QUERY 1 1 1 100 100 100
QUERY 1 1 1 100 100 100
QUERY 1 1 1 100 100 100
UPDATE 66 53 87 517058137
UPDATE 13 42 93 496010565
QUERY 1 1 1 100 100 100
QUERY 1 1 1 100 100 100
QUERY 1 1 1 100 100 100
QUERY 2 52 62 46 64 83
QUERY 1 1 1 100 100 100
QUERY 1 1 1 100 100 100
UPDATE 46 33 62 752253453
QUERY 1 1 1 100 100 100
UPDATE 26 46 2 520246495
UPDATE 89 62 26 701546675
UPDATE 17 29 26 51798049
UPDATE 83 3 28 630090204
UPDATE 60 76 48 656163921
QUERY 1 1 1 100 100 100
UPDATE 46 16 79 929556050
UPDATE 89 45 13 671318324
QUERY 9 29 50 58 94 59
UPDATE 62 19 40 609772787
UPDATE 67 57 100 269760510
UPDATE 55 78 6 188478347
QUERY 1 1 1 100 100 100
UPDATE 90 48 37 146483924
QUERY 1 1 1 100 100 100
UPDATE 16 78 5 302572200
QUERY 1 1 1 100 100 100
UPDATE 84 5 82 164999030
UPDATE 42 76 19 834915081
UPDATE 69 48 35 382525883
QUERY 1 1 1 100 100 100
UPDATE 23 51 2 42064972
UPDATE 78 5 89 984833774
QUERY 1 1 1 100 100 100
UPDATE 79 9 29 802534162
UPDATE 7 45 40 781980845
UPDATE 60 16 8 958618733
UPDATE 93 24 35 125567213
QUERY 30 5 51 54 93 78
UPDATE 99 13 60 553222640
QUERY 1 1 1 100 100 100
QUERY 1 1 1 100 100 100
UPDATE 86 29 65 194680963
UPDATE 11 29 48 529182818
UPDATE 44 24 2 68390344
UPDATE 99 84 73 371271222
QUERY 1 1 1 100 100 100
UPDATE 45 68 10 103395702
UPDATE 72 73 73 105593086
QUERY 1 1 1 100 100 100
QUERY 1 1 1 100 100 100
UPDATE 8 13 80 496378190
QUERY 1 1 1 100 100 100
QUERY 1 1 1 100 100 100
UPDATE 62 90 35 919747772
QUERY 1 1 1 100 100 100
QUERY 1 1 1 100 100 100
QUERY 1 1 1 100 100 100
UPDATE 49 82 14 820403624
UPDATE 75 51 79 575353697
QUERY 40 24 67 44 99 72
UPDATE 12 15 81 891329291
QUERY 1 1 1 100 100 100
QUERY 24 41 25 40 63 55
UPDATE 81 13 81 655867142
UPDATE 48 26 40 757535385
UPDATE 50 10 43 662314052
UPDATE 74 63 48 682123491
UPDATE 19 30 12 614575235
QUERY 1 1 1 100 100 100
UPDATE 37 98 78 66313166
UPDATE 10 78 51 430318187
UPDATE 34 54 72 232728067
QUERY 1 1 1 100 100 100
UPDATE 43 80 97 793528460
QUERY 71 51 39 71 89 78
UPDATE 13 60 97 545471333
QUERY 1 1 1 100 100 100
QUERY 37 69 25 74 90 59
QUERY 1 1 1 100 100 100
UPDATE 65 18 96 627319125
QUERY 1 1 1 100 100 100
UPDATE 98 10 89 251686993
QUERY 1 1 1 100 100 100
QUERY 1 1 1 100 100 100
UPDATE 41 81 77 753084505
UPDATE 20 12 58 457991414
QUERY 1 1 1 100 100 100
QUERY 1 1 1 100 100 100
UPDATE 89 95 89 802320920
UPDATE 52 48 92 27698161
QUERY 1 1 1 100 100 100
UPDATE 26 59 53 385309567
QUERY 1 1 1 100 100 100
QUERY 1 1 1 100 100 100
UPDATE 72 99 13 92039727
UPDATE 30 43 63 184598213
UPDATE 58 26 37 85707377
QUERY 1 1 1 100 100 100
UPDATE 16 60 50 905210877
UPDATE 46 56 27 346270665
UPDATE 31 33 25 2349209
UPDATE 19 80 68 264940463
QUERY 80 12 39 87 80 87
UPDATE 19 31 7 775248342
UPDATE 79 2 95 906694422
QUERY 1 1 1 100 100 100
UPDATE 78 95 75 709519867
UPDATE 53 3 27 924791777
QUERY 1 1 1 100 100 100
UPDATE 94 40 31 145142222
QUERY 1 1 1 100 100 100
UPDATE 46 94 85 829899430
UPDATE 90 35 83 135727692
QUERY 6 50 50 84 66 70
QUERY 90 29 41 94 53 77
UPDATE 24 49 86 205182007
QUERY 66 10 55 71 33 60
QUERY 1 1 1 100 100 100
UPDATE 62 45 53 139096856
QUERY 1 1 1 100 100 100
QUERY 1 1 1 100 100 100
UPDATE 58 27 90 598760951
UPDATE 23 57 76 577441031
QUERY 1 1 1 100 100 100
QUERY 1 1 1 100 100 100
UPDATE 27 77 46 198441845
QUERY 1 1 1 100 100 100
QUERY 1 1 1 100 100 100
QUERY 34 33 1 70 72 42
QUERY 1 1 1 100 100 100
QUERY 1 1 1 100 100 100
UPDATE 89 30 95 390511260
QUERY 1 1 1 100 100 100
QUERY 1 1 1 100 100 100
QUERY 1 1 1 100 100 100
QUERY 1 1 1 100 100 100
UPDATE 84 75 24 536753965
UPDATE 23 2 99 221358681
UPDATE 13 55 63 47779486
QUERY 1 1 1 100 100 100
UPDATE 76 43 6 487938752
QUERY 1 1 1 100 100 100
QUERY 1 1 1 100 100 100
QUERY 1 1 1 100 100 100
UPDATE 25 79 38 579964200
UPDATE 25 9 69 357121172
UPDATE 30 97 89 374401001
UPDATE 1 57 59 857468802
QUERY 1 1 1 100 100 100
UPDATE 3 27 77 703839528
QUERY 1 1 1 100 100 100
UPDATE 71 34 43 130484144
UPDATE 20 87 2 609131223
QUERY 1 1 1 100 100 100
UPDATE 77 59 91 35572855
UPDATE 18 30 73 471485153
UPDATE 4 59 2 840035177
UPDATE 95 38 95 129233931
UPDATE 33 34 18 479153717
UPDATE 94 36 82 218747716
QUERY 1 1 1 100 100 100
QUERY 1 1 1 100 100 100
QUERY 1 1 1 100 100 100
QUERY 1 1 1 100 100 100
UPDATE 18 41 2 795579517
UPDATE 91 43 37 888624263
UPDATE 98 66 10 494508819
UPDATE 84 89 1 689540572
QUERY 1 1 1 100 100 100
UPDATE 83 23 24 973201717
UPDATE 87 30 22 452839280
QUERY 1 1 1 100 100 100
UPDATE 95 13 56 82623157
UPDATE 45 3 20 217243593
UPDATE 31 85 1 907188094
QUERY 33 78 66 49 80 85
QUERY 7 36 44 67 70 53
UPDATE 73 39 60 69122764
UPDATE 16 23 1 925012613
QUERY 1 1 1 100 100 100
QUERY 1 1 1 100 100 100
QUERY 1 1 1 100 100 100
QUERY 1 1 1 100 100 100
QUERY 1 1 1 100 100 100
UPDATE 82 80 21 780281169
UPDATE 9 50 36 745620596
UPDATE 21 45 17 75254366
UPDATE 75 32 97 191541574
UPDATE 89 99 97 492973295
UPDATE 4 21 9 63271410
UPDATE 48 39 97 557015663
QUERY 1 1 1 100 100 100
UPDATE 48 41 31 474742160
UPDATE 90 87 43 142348157
UPDATE 27 87 7 763653212
QUERY 40 5 35 74 10 97
UPDATE 6 41 32 105626477
UPDATE 43 6 8 749192688
UPDATE 10 71 30 449889094
UPDATE 19 11 25 353074091
QUERY 1 1 1 100 100 100
QUERY 1 1 1 100 100 100
QUERY 1 1 1 100 100 100
QUERY 1 1 1 100 100 100
UPDATE 68 30 48 73437604
QUERY 1 1 1 100 100 100
UPDATE 90 81 45 823758330
UPDATE 15 25 39 652192397
UPDATE 3 86 7 49563797
QUERY 1 1 1 100 100 100
UPDATE 100 73 48 780434602
QUERY 1 1 1 100 100 100
UPDATE 78 7 63 121222712
UPDATE 4 21 29 709440438
QUERY 1 1 1 100 100 100
UPDATE 21 42 36 775344746
QUERY 1 1 1 100 100 100
QUERY 1 1 1 100 100 100
UPDATE 53 79 49 651873639
QUERY 1 1 1 100 100 100
QUERY 1 1 1 100 100 100
QUERY 1 1 1 100 100 100
UPDATE 100 18 83 914045109
QUERY 1 1 1 100 100 100
QUERY 1 1 1 100 100 100
UPDATE 22 29 15 594236075
QUERY 1 1 1 100 100 100
QUERY 1 1 1 100 100 100
QUERY 1 1 1 100 100 100
UPDATE 98 94 99 697742646
UPDATE 91 46 33 743558407
QUERY 1 1 1 100 100 100
QUERY 1 1 1 100 100 100
UPDATE 63 22 84 124953839
UPDATE 79 19 41 43474067
UPDATE 30 100 45 234076284
QUERY 1 1 1 100 100 100
QUERY 1 1 1 100 100 100
UPDATE 45 75 72 895486363
UPDATE 87 52 65 360670239
UPDATE 57 4 19 822820228
QUERY 1 1 1 100 100 100
QUERY 9 16 3 67 26 34
QUERY 1 1 1 100 100 100
QUERY 2 71 25 5 89 93
UPDATE 58 34 57 882698015
UPDATE 68 50 4 977307396
UPDATE 78 85 63 893157374
QUERY 5 23 80 50 43 93
UPDATE 13 25 94 311338802
UPDATE 64 28 59 831639410
UPDATE 79 89 2 861045504
QUERY 1 1 1 100 100 100
QUERY 45 40 9 99 59 29
UPDATE 92 82 7 14262689
QUERY 47 15 8 63 100 37
QUERY 1 1 1 100 100 100
UPDATE 70 75 19 321891383
QUERY 1 1 1 100 100 100
QUERY 1 1 1 100 100 100
UPDATE 70 6 48 332547173
UPDATE 85 19 47 435456904
QUERY 1 1 1 100 100 100
QUERY 1 1 1 100 100 100
QUERY 8 19 28 60 82 49
QUERY 1 1 1 100 100 100
QUERY 19 40 13 40 61 68
UPDATE 2 16 45 318299665
QUERY 1 1 1 100 100 100
UPDATE 54 16 78 250702727
UPDATE 70 14 81 591604357
UPDATE 78 62 55 975454564
QUERY 1 1 1 100 100 100
UPDATE 87 94 38 34976258
QUERY 26 2 18 87 28 58
QUERY 71 35 9 100 77 21
QUERY 1 1 1 100 100 100
UPDATE 82 4 68 147145011
QUERY 28 7 41 100 73 79
QUERY 1 1 1 100 100 100
UPDATE 30 1 74 976313638
UPDATE 35 34 35 380649761
QUERY 35 26 21 46 98 59
QUERY 6 8 67 16 82 93
UPDATE 14 4 15 370527232
QUERY 1 1 1 100 100 100
QUERY 1 1 1 100 100 100
UPDATE 33 69 90 11480606
QUERY 1 1 1 100 100 100
UPDATE 90 49 64 718455219
QUERY 18 77 26 79 99 65
QUERY 1 1 1 100 100 100
UPDATE 99 20 92 892389249
UPDATE 90 42 77 640421746
QUERY 1 1 1 100 100 100
QUERY 1 1 1 100 100 100
QUERY 1 1 1 100 100 100
QUERY 1 1 1 100 100 100
UPDATE 37 88 35 1616947
QUERY 1 1 1 100 100 100
QUERY 1 1 1 100 100 100
UPDATE 95 39 10 116967056
QUERY 1 1 1 100 100 100
QUERY 1 1 1 100 100 100
QUERY 1 1 1 100 100 100
UPDATE 97 86 93 840750274
QUERY 1 1 1 100 100 100
UPDATE 51 35 61 392905952
UPDATE 36 81 15 309617914
UPDATE 66 68 50 230355874
QUERY 1 1 1 100 100 100
QUERY 1 1 1 100 100 100
UPDATE 7 29 60 587906052
UPDATE 46 89 77 275829320
UPDATE 79 33 66 485001486
UPDATE 81 91 24 797480033
QUERY 1 1 1 100 100 100
QUERY 1 1 1 100 100 100
QUERY 1 1 1 100 100 100
QUERY 1 1 1 100 100 100
QUERY 16 75 21 53 86 23
UPDATE 34 3 63 631473719
UPDATE 100 94 15 653601994
UPDATE 51 14 69 263355418
UPDATE 100 30 86 85310454
QUERY 1 1 1 100 100 100
UPDATE 85 62 84 577739484
UPDATE 50 36 39 529958938
UPDATE 41 57 13 730460267
UPDATE 15 37 28 50002504
UPDATE 15 33 91 712836069
UPDATE 69 69 24 448567329
UPDATE 84 51 75 427401498
UPDATE 58 59 90 648090596
QUERY 1 1 1 100 100 100
UPDATE 55 49 43 69457053
UPDATE 57 9 25 150192991
QUERY 1 1 1 100 100 100
QUERY 1 1 1 100 100 100
UPDATE 26 93 59 861421377
UPDATE 24 69 47 469406982
QUERY 1 1 1 100 100 100
UPDATE 33 85 83 488157682
QUERY 1 1 1 100 100 100
QUERY 1 1 1 100 100 100
UPDATE 88 52 34 565798154
QUERY 1 1 1 100 100 100
QUERY 1 1 1 100 100 100
QUERY 1 1 1 100 100 100
QUERY 1 1 1 100 100 100
QUERY 1 1 1 100 100 100
UPDATE 99 62 66 281224605
QUERY 1 1 1 100 100 100
UPDATE 76 48 11 480170645
UPDATE 22 87 44 934667875
QUERY 1 1 1 100 100 100
QUERY 1 1 1 100 100 100
QUERY 1 1 1 100 100 100
UPDATE 89 61 25 408603272
QUERY 1 1 1 100 100 100
UPDATE 12 74 34 971716089
QUERY 1 1 1 100 100 100
UPDATE 68 66 85 316270828
UPDATE 82 24 89 545734156
UPDATE 48 51 71 141199228
UPDATE 75 9 57 344949706
QUERY 1 1 1 100 100 100
QUERY 1 1 1 100 100 100
QUERY 1 1 1 100 100 100
QUERY 1 1 1 100 100 100
QUERY 23 39 87 82 53 88
QUERY 51 87 7 85 93 11
QUERY 1 1 1 100 100 100
UPDATE 40 16 44 794054315
UPDATE 44 60 15 364925383
UPDATE 49 93 90 348939854
QUERY 1 1 1 100 100 100
UPDATE 1 44 33 189853441
UPDATE 27 70 40 475178420
UPDATE 99 6 89 102622643
QUERY 1 1 1 100 100 100
QUERY 1 1 1 100 100 100
UPDATE 20 6 73 98633039
QUERY 11 31 31 24 50 74
UPDATE 85 65 93 96371060
QUERY 2 19 20 69 59 55
UPDATE 84 93 96 538361805
QUERY 1 53 23 17 97 55
QUERY 1 1 1 100 100 100
QUERY 54 18 87 73 19 94
QUERY 47 7 4 76 96 40
QUERY 1 1 1 100 100 100
UPDATE 92 88 14 493011723
UPDATE 91 73 58 448528419
UPDATE 4 34 53 222580522
UPDATE 76 38 82 734519437
UPDATE 64 56 51 477900594
QUERY 1 1 1 100 100 100
QUERY 1 1 1 100 100 100
QUERY 1 1 1 100 100 100
QUERY 1 1 1 100 100 100
QUERY 26 10 31 34 54 94
UPDATE 100 24 9 742154148
QUERY 19 22 12 82 97 43
UPDATE 98 76 32 232469388
UPDATE 54 62 96 85527623
QUERY 1 1 1 100 100 100
UPDATE 64 5 39 494059357
UPDATE 69 49 24 603145224
QUERY 1 1 1 100 100 100
UPDATE 78 11 86 93371292
QUERY 1 1 1 100 100 100
UPDATE 86 23 43 775978488
UPDATE 59 66 56 621782496
QUERY 1 1 1 100 100 100
UPDATE 33 64 73 165703754
QUERY 1 1 1 100 100 100
UPDATE 37 50 53 335425127
QUERY 1 1 1 100 100 100
QUERY 1 1 1 100 100 100
UPDATE 95 77 78 140644309
QUERY 1 1 1 100 100 100
UPDATE 40 21 96 653556650
UPDATE 3 16 76 697977724
QUERY 1 1 1 100 100 100
UPDATE 83 60 65 545422602
QUERY 1 1 1 100 100 100
QUERY 1 1 1 100 100 100
UPDATE 65 63 67 518273506
QUERY 1 1 1 100 100 100
UPDATE 39 10 60 162228974
UPDATE 47 31 13 657539366
QUERY 1 1 1 100 100 100
QUERY 1 1 1 100 100 100
UPDATE 81 56 51 795132300
UPDATE 97 8 99 559104628
UPDATE 31 41 8 180213724
QUERY 1 1 1 100 100 100
QUERY 1 1 1 100 100 100
UPDATE 36 14 45 926967246
UPDATE 32 77 62 504993428
QUERY 1 1 1 100 100 100
QUERY 1 1 1 100 100 100
UPDATE 7 54 51 907399001
UPDATE 35 82 18 870807618
UPDATE 54 25 29 60148844
UPDATE 23 56 20 592177144
QUERY 14 20 20 89 54 66
QUERY 1 1 1 100 100 100
QUERY 1 1 1 100 100 100
UPDATE 25 14 36 974168008
QUERY 1 1 1 100 100 100
QUERY 67 13 21 100 67 21
UPDATE 81 28 54 180170523
UPDATE 24 98 37 721886093
UPDATE 22 78 94 945713578
UPDATE 3 50 42 602897331
UPDATE 77 26 15 916005076
UPDATE 82 45 49 447134723
QUERY 1 1 1 100 100 100
QUERY 1 1 1 100 100 100
UPDATE 76 15 38 222761087
QUERY 1 1 1 100 100 100
UPDATE 98 88 14 888347999
UPDATE 42 56 21 618171347
UPDATE 27 59 84 693397030
UPDATE 18 15 4 106109221
UPDATE 10 76 39 36451339
UPDATE 24 58 38 7178832
QUERY 1 1 1 100 100 100
QUERY 16 34 56 38 81 61
QUERY 1 1 1 100 100 100
QUERY 1 1 1 100 100 100
UPDATE 65 83 39 996994782
UPDATE 47 92 17 284878989
QUERY 1 1 1 100 100 100
QUERY 1 1 1 100 100 100
UPDATE 40 87 24 970968615
QUERY 1 1 1 100 100 100
QUERY 1 1 1 100 100 100
UPDATE 15 75 39 123162567
QUERY 1 1 1 100 100 100
UPDATE 32 46 57 111882849
UPDATE 96 38 34 429220393
QUERY 1 1 1 100 100 100
QUERY 1 1 1 100 100 100
UPDATE 64 60 62 328986313
QUERY 1 1 1 100 100 100
UPDATE 43 60 80 525650624
UPDATE 37 30 77 701801110
QUERY 1 1 1 100 100 100
UPDATE 59 69 84 98896940
QUERY 1 1 1 100 100 100
UPDATE 12 94 18 97133417
UPDATE 57 5 41 128489691
QUERY 1 1 1 100 100 100
QUERY 1 1 1 100 100 100
UPDATE 29 27 99 851021029
UPDATE 41 72 54 288472036
QUERY 1 1 1 100 100 100
QUERY 1 1 1 100 100 100
UPDATE 37 48 44 984002249
QUERY 1 1 1 100 100 100
UPDATE 5 2 46 234589811
UPDATE 29 47 26 26541936
QUERY 1 1 1 100 100 100
QUERY 34 24 21 36 89 26
QUERY 1 1 1 100 100 100
UPDATE 38 41 18 27458536
QUERY 1 1 1 100 100 100
QUERY 1 1 1 100 100 100
UPDATE 12 74 63 93443054
QUERY 1 1 1 100 100 100
QUERY 1 1 1 100 100 100
UPDATE 100 80 90 146360356
UPDATE 46 28 37 144139786
QUERY 1 1 1 100 100 100
QUERY 1 1 1 100 100 100
QUERY 1 1 1 100 100 100
UPDATE 59 50 66 429326205
UPDATE 17 77 47 285633719
QUERY 1 1 1 100 100 100
UPDATE 31 67 42 606798752
UPDATE 94 95 48 649679742
UPDATE 31 43 80 632431314
QUERY 1 1 1 100 100 100
UPDATE 89 89 87 224018802
UPDATE 24 60 22 464783455
QUERY 1 1 1 100 100 100
QUERY 1 1 1 100 100 100
UPDATE 31 96 19 442292455
QUERY 17 49 67 41 55 88
UPDATE 2 67 10 744094066
UPDATE 10 93 98 708191861
UPDATE 60 21 9 736056343
UPDATE 27 10 9 944493502
UPDATE 57 95 74 748663989
QUERY 1 1 1 100 100 100
QUERY 1 1 1 100 100 100
UPDATE 16 7 89 532956595
QUERY 1 1 1 100 100 100
QUERY 1 1 1 100 100 100
QUERY 1 1 1 100 100 100
UPDATE 82 94 68 938340829
UPDATE 67 56 11 351935234
QUERY 1 1 1 100 100 100
QUERY 1 1 1 100 100 100
UPDATE 1 11 90 866231305
QUERY 1 1 1 100 100 100
QUERY 1 1 1 100 100 100
QUERY 1 1 1 100 100 100
UPDATE 27 14 52 546659791
UPDATE 67 35 84 407426008
UPDATE 5 31 37 309661938
UPDATE 1 99 69 515306795
UPDATE 4 4 48 271029031
QUERY 1 1 1 100 100 100
UPDATE 80 87 71 400115967
QUERY 1 1 1 100 100 100
UPDATE 24 39 67 742726361
QUERY 1 1 1 100 100 100
QUERY 1 1 1 100 100 100
QUERY 1 1 1 100 100 100
UPDATE 54 26 58 90926223
UPDATE 58 26 99 988639801
QUERY 1 1 1 100 100 100
UPDATE 60 35 35 497258487
QUERY 1 1 1 100 100 100
QUERY 1 1 1 100 100 100
UPDATE 90 80 96 676523522
UPDATE 14 95 79 585103625
QUERY 1 1 1 100 100 100
QUERY 3 6 56 85 42 97
QUERY 1 1 1 100 100 100
QUERY 1 1 1 100 100 100
QUERY 1 1 1 100 100 100
QUERY 1 1 1 100 100 100
UPDATE 31 22 18 70566959
UPDATE 5 65 8 715856209
UPDATE 32 57 51 570044486
UPDATE 85 70 23 17738158
QUERY 1 1 1 100 100 100
QUERY 1 1 1 100 100 100
QUERY 26 68 44 93 69 54
QUERY 1 1 1 100 100 100
QUERY 1 1 1 100 100 100
UPDATE 47 47 61 444026747
QUERY 1 1 1 100 100 100
QUERY 1 1 1 100 100 100
QUERY 1 1 1 100 100 100
UPDATE 43 48 46 388616476
UPDATE 28 30 50 711617158
UPDATE 81 18 24 779019311
UPDATE 21 65 16 455699228
QUERY 13 8 77 68 95 78
UPDATE 96 21 88 542232074
QUERY 1 1 1 100 100 100
QUERY 1 1 1 100 100 100
QUERY 1 1 1 100 100 100
UPDATE 70 65 73 140389413
QUERY 1 1 1 100 100 100
UPDATE 34 33 45 473305759
UPDATE 68 58 67 446759623
UPDATE 8 43 58 170768221
UPDATE 16 28 66 615186880
UPDATE 98 47 16 65838203
UPDATE 59 40 67 757696726
QUERY 1 1 1 100 100 100
UPDATE 85 73 25 588718239
QUERY 1 1 1 100 100 100
UPDATE 59 4 35 368964060
QUERY 12 49 34 26 89 34
UPDATE 81 63 21 537847708
UPDATE 34 55 31 158840301
QUERY 1 1 1 100 100 100
UPDATE 34 65 47 652756119
UPDATE 20 29 43 480003792
QUERY 1 1 1 100 100 100
UPDATE 30 82 43 589478278
UPDATE 27 67 42 470044229
QUERY 1 1 1 100 100 100
QUERY 1 1 1 100 100 100
UPDATE 1 3 82 994508639
QUERY 1 1 1 100 100 100
QUERY 1 8 9 86 70 22
UPDATE 29 64 63 745527757
UPDATE 10 35 19 97323349
UPDATE 60 64 37 417899507
UPDATE 72 35 99 847474755
QUERY 1 1 1 100 100 100
UPDATE 80 19 78 477670607
UPDATE 99 68 65 469703407
UPDATE 99 60 40 67260029
QUERY 1 1 1 100 100 100
QUERY 1 1 1 100 100 100
QUERY 1 1 1 100 100 100
QUERY 6 57 65 87 89 69
QUERY 46 24 53 61 66 82
UPDATE 64 34 55 658793263
UPDATE 76 1 99 357401102
UPDATE 49 69 3 633386601
QUERY 1 1 1 100 100 100
QUERY 1 1 1 100 100 100
UPDATE 46 60 42 84501991
QUERY 1 1 1 100 100 100
QUERY 1 1 1 100 100 100
QUERY 47 28 31 47 81 42
QUERY 1 1 1 100 100 100
QUERY 1 1 1 100 100 100
QUERY 1 1 1 100 100 100
QUERY 1 1 1 100 100 100
QUERY 1 1 1 100 100 100
QUERY 1 1 1 100 100 100
QUERY 1 1 1 100 100 100
UPDATE 46 81 19 128548031
UPDATE 3 58 58 638128678
QUERY 1 1 1 100 100 100
UPDATE 58 40 12 537983577
UPDATE 95 50 77 81421743
QUERY 1 1 1 100 100 100
QUERY 1 1 1 100 100 100
UPDATE 46 26 50 547137847
UPDATE 10 89 12 493560717
UPDATE 39 54 98 484468397
QUERY 21 5 71 70 89 95
QUERY 3 5 23 73 10 60
QUERY 1 1 1 100 100 100
UPDATE 97 20 13 882216172
QUERY 1 1 1 100 100 100
QUERY 1 1 1 100 100 100
QUERY 1 1 1 100 100 100
UPDATE 74 56 61 29256494
UPDATE 37 81 27 663753148
QUERY 1 1 1 100 100 100
QUERY 1 1 1 100 100 100
QUERY 1 1 1 100 100 100
QUERY 1 1 1 100 100 100
QUERY 1 1 1 100 100 100
QUERY 1 1 1 100 100 100
UPDATE 12 14 35 554470503
QUERY 1 1 1 100 100 100
UPDATE 5 64 35 405938241
QUERY 1 1 1 100 100 100
QUERY 1 1 1 100 100 100
UPDATE 37 75 82 361639277
UPDATE 28 74 69 59852245
QUERY 86 4 30 96 55 93
UPDATE 58 20 32 120717560
UPDATE 65 90 49 774182894
UPDATE 72 58 11 477765613
QUERY 1 1 1 100 100 100
UPDATE 20 13 37 69193587
UPDATE 55 10 30 36436413
QUERY 1 1 1 100 100 100
UPDATE 60 44 80 831188062
UPDATE 6 46 39 206273411
UPDATE 48 81 66 593914286
QUERY 1 1 1 100 100 100
QUERY 1 1 1 100 100 100
UPDATE 84 78 76 204417470
QUERY 1 1 1 100 100 100
UPDATE 7 28 50 477579721
QUERY 1 1 1 100 100 100
QUERY 1 1 1 100 100 100
UPDATE 24 10 54 180215833
UPDATE 94 36 10 42265813
QUERY 1 1 1 100 100 100
QUERY 1 1 1 100 100 100
QUERY 1 1 1 100 100 100
QUERY 1 1 1 100 100 100
UPDATE 26 50 57 597458367
UPDATE 4 24 57 145052103
QUERY 1 1 1 100 100 100
QUERY 1 1 1 100 100 100
UPDATE 16 42 63 438027110
QUERY 1 1 1 100 100 100
UPDATE 17 11 45 349775147
QUERY 1 1 1 100 100 100
UPDATE 66 26 74 185580495
UPDATE 47 13 65 371668421
QUERY 66 25 20 67 66 61